Dual (1+1)EA
max: 18.5778
average: 10.9032
std: 7.3932
all: [14.773808918780905, 1.9722222222222223, 18.57777777777778, 1.9724770642201834, 17.219708235596435]

PSO-(1+1)EA
max: 1.9900
average: 1.9780
std: 0.0069
all: [1.9727272727272727, 1.9724770642201834, 1.9814814814814814, 1.9732142857142858, 1.99]

PSO-MCTS
max: 1.8915
average: 1.8591
std: 0.0289
all: [1.8914728682170543, 1.8559322033898304, 1.8691588785046729, 1.8727272727272728, 1.8059701492537314]

