2*(1+1)EA
max: 16.5113
average: 13.2129
std: 5.6406
all: [1.9545454545454546, 16.51132031798209, 15.69031739759697, 16.333333333333332, 15.5748201372934]

PSO-(1+1)EA
max: 19.0984
average: 15.4169
std: 6.3322
all: [18.020336513396238, 18.849605579357203, 19.09836082673581, 2.775, 18.341222054402557]

PSO-MCTS
max: 1.9400
average: 1.9209
std: 0.0112
all: [1.911764705882353, 1.908256880733945, 1.9245283018867925, 1.92, 1.94]

