2*(1+1)EA
max: 17.6344
average: 13.1540
std: 5.3013
all: [14.59875361243701, 14.883136445278089, 17.63435271088773, 15.887065520815167, 2.7666666666666666]

PSO-(1+1)EA
max: 17.7966
average: 5.1424
std: 6.3271
all: [17.79663979240947, 1.97196261682243, 1.9807692307692308, 1.981651376146789, 1.9811320754716981]

PSO-MCTS
max: 1.8860
average: 1.8544
std: 0.0221
all: [1.8461538461538463, 1.8512396694214877, 1.8203125, 1.8859649122807018, 1.868421052631579]

