2*(1+1)EA
max: 18.5998
average: 17.2614
std: 0.7728
all: [16.275307115180382, 17.48208792501554, 17.044953669634353, 16.90505682057761, 18.599838520380025]

PSO-(1+1)EA
max: 17.8418
average: 14.5881
std: 5.9101
all: [17.786221618396358, 17.54024502145669, 17.84177901429691, 16.98896825194374, 2.783333333333333]

PSO-MCTS
max: 1.9780
average: 1.9530
std: 0.0215
all: [1.9456521739130435, 1.9775280898876404, 1.978021978021978, 1.9238095238095239, 1.94]

